0 0
220
230
0
0
9999
3 3
217
227
3
3
9999
23 23
76
26
26
55
23
23
9999
86 23
134
26
86
23
9999
144 23
197
165
194
121
190
106
194
26
144
23
9999
194 175
197
207
146
204
194
175
9999
86 204
136
207
86
204
9999
76 204
26
100
31
90
26
65
23
207
76
204
9999
50 42
76
45
53
137
83
153
63
173
53
183
76
186
50
170
60
150
80
140
50
100
45
90
50
42
9999
86 42
105
45
86
42
9999
86 183
106
186
86
183
9999
116 183
136
186
116
183
9999
115 42
172
68
157
95
172
106
176
121
172
186
146
183
169
98
120
95
131
68
99
95
110
98
96
68
76
114
106
118
149
135
146
121
106
160
146
146
149
163
103
117
73
65
134
95
154
65
169
45
115
42
9999
9999
